(kicad_pcb (version 20171130) (host pcbnew "(5.0.0)")

  (general
    (thickness 1.6)
    (drawings 10)
    (tracks 55)
    (zones 0)
    (modules 33)
    (nets 31)
  )

  (page A4)
  (layers
    (0 F.Cu signal)
    (31 B.Cu signal)
    (32 B.Adhes user)
    (33 F.Adhes user)
    (34 B.Paste user)
    (35 F.Paste user)
    (36 B.SilkS user)
    (37 F.SilkS user)
    (38 B.Mask user)
    (39 F.Mask user)
    (40 Dwgs.User user)
    (41 Cmts.User user)
    (42 Eco1.User user)
    (43 Eco2.User user)
    (44 Edge.Cuts user)
    (45 Margin user)
    (46 B.CrtYd user)
    (47 F.CrtYd user)
    (48 B.Fab user)
    (49 F.Fab user)
  )

  (setup
    (last_trace_width 0.25)
    (user_trace_width 1)
    (user_trace_width 8)
    (trace_clearance 0.2)
    (zone_clearance 1)
    (zone_45_only no)
    (trace_min 0.2)
    (segment_width 0.2)
    (edge_width 0.15)
    (via_size 0.8)
    (via_drill 0.4)
    (via_min_size 0.4)
    (via_min_drill 0.3)
    (uvia_size 0.3)
    (uvia_drill 0.1)
    (uvias_allowed no)
    (uvia_min_size 0.2)
    (uvia_min_drill 0.1)
    (pcb_text_width 0.3)
    (pcb_text_size 1.5 1.5)
    (mod_edge_width 0.15)
    (mod_text_size 1 1)
    (mod_text_width 0.15)
    (pad_size 1.524 1.524)
    (pad_drill 0.762)
    (pad_to_mask_clearance 0.2)
    (aux_axis_origin 0 0)
    (visible_elements 7FFFFFFF)
    (pcbplotparams
      (layerselection 0x010fc_ffffffff)
      (usegerberextensions false)
      (usegerberattributes false)
      (usegerberadvancedattributes false)
      (creategerberjobfile false)
      (excludeedgelayer true)
      (linewidth 0.100000)
      (plotframeref false)
      (viasonmask false)
      (mode 1)
      (useauxorigin false)
      (hpglpennumber 1)
      (hpglpenspeed 20)
      (hpglpendiameter 15.000000)
      (psnegative false)
      (psa4output false)
      (plotreference true)
      (plotvalue true)
      (plotinvisibletext false)
      (padsonsilk false)
      (subtractmaskfromsilk false)
      (outputformat 1)
      (mirror false)
      (drillshape 1)
      (scaleselection 1)
      (outputdirectory ""))
  )

  (net 0 "")
  (net 1 "Net-(C1-Pad2)")
  (net 2 "Net-(C1-Pad1)")
  (net 3 "Net-(C2-Pad2)")
  (net 4 "Net-(C3-Pad2)")
  (net 5 "Net-(C4-Pad2)")
  (net 6 "Net-(C5-Pad2)")
  (net 7 "Net-(C6-Pad2)")
  (net 8 "Net-(C7-Pad2)")
  (net 9 "Net-(C8-Pad2)")
  (net 10 GND)
  (net 11 "Net-(D1-Pad2)")
  (net 12 "Net-(D1-Pad1)")
  (net 13 "Net-(D2-Pad2)")
  (net 14 "Net-(D2-Pad1)")
  (net 15 "Net-(F1-Pad2)")
  (net 16 "Net-(Q1-Pad3)")
  (net 17 "Net-(Q1-Pad1)")
  (net 18 "Net-(U1-Pad1)")
  (net 19 "Net-(U1-Pad2)")
  (net 20 "Net-(U1-Pad3)")
  (net 21 "Net-(U1-Pad4)")
  (net 22 "Net-(U1-Pad5)")
  (net 23 "Net-(U1-Pad12)")
  (net 24 "Net-(U1-Pad14)")
  (net 25 "Net-(U1-Pad15)")
  (net 26 "Net-(U1-Pad16)")
  (net 27 "Net-(U2-Pad16)")
  (net 28 "Net-(U2-Pad12)")
  (net 29 "Net-(U2-Pad5)")
  (net 30 "Net-(U2-Pad1)")

  (net_class Default "This is the default net class."
    (clearance 0.2)
    (trace_width 0.25)
    (via_dia 0.8)
    (via_drill 0.4)
    (uvia_dia 0.3)
    (uvia_drill 0.1)
    (add_net GND)
    (add_net "Net-(C1-Pad1)")
    (add_net "Net-(C1-Pad2)")
    (add_net "Net-(C2-Pad2)")
    (add_net "Net-(C3-Pad2)")
    (add_net "Net-(C4-Pad2)")
    (add_net "Net-(C5-Pad2)")
    (add_net "Net-(C6-Pad2)")
    (add_net "Net-(C7-Pad2)")
    (add_net "Net-(C8-Pad2)")
    (add_net "Net-(D1-Pad1)")
    (add_net "Net-(D1-Pad2)")
    (add_net "Net-(D2-Pad1)")
    (add_net "Net-(D2-Pad2)")
    (add_net "Net-(F1-Pad2)")
    (add_net "Net-(Q1-Pad1)")
    (add_net "Net-(Q1-Pad3)")
    (add_net "Net-(U1-Pad1)")
    (add_net "Net-(U1-Pad12)")
    (add_net "Net-(U1-Pad14)")
    (add_net "Net-(U1-Pad15)")
    (add_net "Net-(U1-Pad16)")
    (add_net "Net-(U1-Pad2)")
    (add_net "Net-(U1-Pad3)")
    (add_net "Net-(U1-Pad4)")
    (add_net "Net-(U1-Pad5)")
    (add_net "Net-(U2-Pad1)")
    (add_net "Net-(U2-Pad12)")
    (add_net "Net-(U2-Pad16)")
    (add_net "Net-(U2-Pad5)")
  )

  (module robomaster:CAP_10mm (layer F.Cu) (tedit 5C4BDF6C) (tstamp 5C4BD9F1)
    (at 135.89 83.82 180)
    (path /5C4BC38A)
    (fp_text reference C7 (at 11 -11.5 180) (layer F.SilkS)
      (effects (font (size 1 1) (thickness 0.15)))
    )
    (fp_text value 100F (at 11 -12.5 180) (layer F.Fab)
      (effects (font (size 1 1) (thickness 0.15)))
    )
    (fp_circle (center 0 0) (end 10 0) (layer F.SilkS) (width 0.15))
    (fp_line (start 9 -6.2) (end 9 6.2) (layer F.SilkS) (width 0.3))
    (fp_circle (center 0 0) (end 11 0) (layer F.SilkS) (width 0.3))
    (pad 2 thru_hole oval (at -5 0 180) (size 4 8) (drill 2) (layers *.Cu *.Mask)
      (net 8 "Net-(C7-Pad2)"))
    (pad 1 thru_hole oval (at 5 0 180) (size 4 8) (drill 2) (layers *.Cu *.Mask)
      (net 7 "Net-(C6-Pad2)"))
    (model ${KISYS3DMOD}/Capacitor_THT.3dshapes/CP_Radial_D22.0mm_P10.00mm_SnapIn.step
      (offset (xyz -5 0 0))
      (scale (xyz 1 1 2))
      (rotate (xyz 0 0 0))
    )
  )

  (module robomaster:CAP_10mm (layer F.Cu) (tedit 5C4BDF6C) (tstamp 5C4BD9BB)
    (at 193.04 104.14)
    (path /5C4BBD75)
    (fp_text reference C1 (at 11 -11.5) (layer F.SilkS)
      (effects (font (size 1 1) (thickness 0.15)))
    )
    (fp_text value 100F (at 11 -12.5) (layer F.Fab)
      (effects (font (size 1 1) (thickness 0.15)))
    )
    (fp_circle (center 0 0) (end 10 0) (layer F.SilkS) (width 0.15))
    (fp_line (start 9 -6.2) (end 9 6.2) (layer F.SilkS) (width 0.3))
    (fp_circle (center 0 0) (end 11 0) (layer F.SilkS) (width 0.3))
    (pad 2 thru_hole oval (at -5 0) (size 4 8) (drill 2) (layers *.Cu *.Mask)
      (net 1 "Net-(C1-Pad2)"))
    (pad 1 thru_hole oval (at 5 0) (size 4 8) (drill 2) (layers *.Cu *.Mask)
      (net 2 "Net-(C1-Pad1)"))
    (model ${KISYS3DMOD}/Capacitor_THT.3dshapes/CP_Radial_D22.0mm_P10.00mm_SnapIn.step
      (offset (xyz -5 0 0))
      (scale (xyz 1 1 2))
      (rotate (xyz 0 0 0))
    )
  )

  (module robomaster:CAP_10mm (layer F.Cu) (tedit 5C4BDF6C) (tstamp 5C4BD9C4)
    (at 170.18 104.14)
    (path /5C4BC064)
    (fp_text reference C2 (at 11 -11.5) (layer F.SilkS)
      (effects (font (size 1 1) (thickness 0.15)))
    )
    (fp_text value 100F (at 11 -12.5) (layer F.Fab)
      (effects (font (size 1 1) (thickness 0.15)))
    )
    (fp_circle (center 0 0) (end 10 0) (layer F.SilkS) (width 0.15))
    (fp_line (start 9 -6.2) (end 9 6.2) (layer F.SilkS) (width 0.3))
    (fp_circle (center 0 0) (end 11 0) (layer F.SilkS) (width 0.3))
    (pad 2 thru_hole oval (at -5 0) (size 4 8) (drill 2) (layers *.Cu *.Mask)
      (net 3 "Net-(C2-Pad2)"))
    (pad 1 thru_hole oval (at 5 0) (size 4 8) (drill 2) (layers *.Cu *.Mask)
      (net 1 "Net-(C1-Pad2)"))
    (model ${KISYS3DMOD}/Capacitor_THT.3dshapes/CP_Radial_D22.0mm_P10.00mm_SnapIn.step
      (offset (xyz -5 0 0))
      (scale (xyz 1 1 2))
      (rotate (xyz 0 0 0))
    )
  )

  (module robomaster:CAP_10mm (layer F.Cu) (tedit 5C4BDF6C) (tstamp 5C4BD9CD)
    (at 147.32 104.14)
    (path /5C4BC188)
    (fp_text reference C3 (at 11 -11.5) (layer F.SilkS)
      (effects (font (size 1 1) (thickness 0.15)))
    )
    (fp_text value 100F (at 11 -12.5) (layer F.Fab)
      (effects (font (size 1 1) (thickness 0.15)))
    )
    (fp_circle (center 0 0) (end 10 0) (layer F.SilkS) (width 0.15))
    (fp_line (start 9 -6.2) (end 9 6.2) (layer F.SilkS) (width 0.3))
    (fp_circle (center 0 0) (end 11 0) (layer F.SilkS) (width 0.3))
    (pad 2 thru_hole oval (at -5 0) (size 4 8) (drill 2) (layers *.Cu *.Mask)
      (net 4 "Net-(C3-Pad2)"))
    (pad 1 thru_hole oval (at 5 0) (size 4 8) (drill 2) (layers *.Cu *.Mask)
      (net 3 "Net-(C2-Pad2)"))
    (model ${KISYS3DMOD}/Capacitor_THT.3dshapes/CP_Radial_D22.0mm_P10.00mm_SnapIn.step
      (offset (xyz -5 0 0))
      (scale (xyz 1 1 2))
      (rotate (xyz 0 0 0))
    )
  )

  (module robomaster:CAP_10mm (layer F.Cu) (tedit 5C4BDF6C) (tstamp 5C4BD9D6)
    (at 124.46 104.14)
    (path /5C4BC196)
    (fp_text reference C4 (at 11 -11.5) (layer F.SilkS)
      (effects (font (size 1 1) (thickness 0.15)))
    )
    (fp_text value 100F (at 11 -12.5) (layer F.Fab)
      (effects (font (size 1 1) (thickness 0.15)))
    )
    (fp_circle (center 0 0) (end 10 0) (layer F.SilkS) (width 0.15))
    (fp_line (start 9 -6.2) (end 9 6.2) (layer F.SilkS) (width 0.3))
    (fp_circle (center 0 0) (end 11 0) (layer F.SilkS) (width 0.3))
    (pad 2 thru_hole oval (at -5 0) (size 4 8) (drill 2) (layers *.Cu *.Mask)
      (net 5 "Net-(C4-Pad2)"))
    (pad 1 thru_hole oval (at 5 0) (size 4 8) (drill 2) (layers *.Cu *.Mask)
      (net 4 "Net-(C3-Pad2)"))
    (model ${KISYS3DMOD}/Capacitor_THT.3dshapes/CP_Radial_D22.0mm_P10.00mm_SnapIn.step
      (offset (xyz -5 0 0))
      (scale (xyz 1 1 2))
      (rotate (xyz 0 0 0))
    )
  )

  (module robomaster:CAP_10mm (layer F.Cu) (tedit 5C4BDF6C) (tstamp 5C4BD9DF)
    (at 101.6 104.14)
    (path /5C4BC36E)
    (fp_text reference C5 (at 11 -11.5) (layer F.SilkS)
      (effects (font (size 1 1) (thickness 0.15)))
    )
    (fp_text value 100F (at 11 -12.5) (layer F.Fab)
      (effects (font (size 1 1) (thickness 0.15)))
    )
    (fp_circle (center 0 0) (end 10 0) (layer F.SilkS) (width 0.15))
    (fp_line (start 9 -6.2) (end 9 6.2) (layer F.SilkS) (width 0.3))
    (fp_circle (center 0 0) (end 11 0) (layer F.SilkS) (width 0.3))
    (pad 2 thru_hole oval (at -5 0) (size 4 8) (drill 2) (layers *.Cu *.Mask)
      (net 6 "Net-(C5-Pad2)"))
    (pad 1 thru_hole oval (at 5 0) (size 4 8) (drill 2) (layers *.Cu *.Mask)
      (net 5 "Net-(C4-Pad2)"))
    (model ${KISYS3DMOD}/Capacitor_THT.3dshapes/CP_Radial_D22.0mm_P10.00mm_SnapIn.step
      (offset (xyz -5 0 0))
      (scale (xyz 1 1 2))
      (rotate (xyz 0 0 0))
    )
  )

  (module robomaster:CAP_10mm (layer F.Cu) (tedit 5C4BDF6C) (tstamp 5C4BD9E8)
    (at 113.03 83.82 180)
    (path /5C4BC37C)
    (fp_text reference C6 (at 11 -11.5 180) (layer F.SilkS)
      (effects (font (size 1 1) (thickness 0.15)))
    )
    (fp_text value 100F (at 11 -12.5 180) (layer F.Fab)
      (effects (font (size 1 1) (thickness 0.15)))
    )
    (fp_circle (center 0 0) (end 10 0) (layer F.SilkS) (width 0.15))
    (fp_line (start 9 -6.2) (end 9 6.2) (layer F.SilkS) (width 0.3))
    (fp_circle (center 0 0) (end 11 0) (layer F.SilkS) (width 0.3))
    (pad 2 thru_hole oval (at -5 0 180) (size 4 8) (drill 2) (layers *.Cu *.Mask)
      (net 7 "Net-(C6-Pad2)"))
    (pad 1 thru_hole oval (at 5 0 180) (size 4 8) (drill 2) (layers *.Cu *.Mask)
      (net 6 "Net-(C5-Pad2)"))
    (model ${KISYS3DMOD}/Capacitor_THT.3dshapes/CP_Radial_D22.0mm_P10.00mm_SnapIn.step
      (offset (xyz -5 0 0))
      (scale (xyz 1 1 2))
      (rotate (xyz 0 0 0))
    )
  )

  (module robomaster:CAP_10mm (layer F.Cu) (tedit 5C4BDF6C) (tstamp 5C4BDA03)
    (at 181.61 83.82 180)
    (path /5C4BC40E)
    (fp_text reference C9 (at 11 -11.5 180) (layer F.SilkS)
      (effects (font (size 1 1) (thickness 0.15)))
    )
    (fp_text value 100F (at 11 -12.5 180) (layer F.Fab)
      (effects (font (size 1 1) (thickness 0.15)))
    )
    (fp_circle (center 0 0) (end 10 0) (layer F.SilkS) (width 0.15))
    (fp_line (start 9 -6.2) (end 9 6.2) (layer F.SilkS) (width 0.3))
    (fp_circle (center 0 0) (end 11 0) (layer F.SilkS) (width 0.3))
    (pad 2 thru_hole oval (at -5 0 180) (size 4 8) (drill 2) (layers *.Cu *.Mask)
      (net 10 GND))
    (pad 1 thru_hole oval (at 5 0 180) (size 4 8) (drill 2) (layers *.Cu *.Mask)
      (net 9 "Net-(C8-Pad2)"))
    (model ${KISYS3DMOD}/Capacitor_THT.3dshapes/CP_Radial_D22.0mm_P10.00mm_SnapIn.step
      (offset (xyz -5 0 0))
      (scale (xyz 1 1 2))
      (rotate (xyz 0 0 0))
    )
  )

  (module robomaster:CAP_10mm (layer F.Cu) (tedit 5C4BDF6C) (tstamp 5C4BD9FA)
    (at 158.75 83.82 180)
    (path /5C4BC398)
    (fp_text reference C8 (at 11 -11.5 180) (layer F.SilkS)
      (effects (font (size 1 1) (thickness 0.15)))
    )
    (fp_text value 100F (at 11 -12.5 180) (layer F.Fab)
      (effects (font (size 1 1) (thickness 0.15)))
    )
    (fp_circle (center 0 0) (end 10 0) (layer F.SilkS) (width 0.15))
    (fp_line (start 9 -6.2) (end 9 6.2) (layer F.SilkS) (width 0.3))
    (fp_circle (center 0 0) (end 11 0) (layer F.SilkS) (width 0.3))
    (pad 2 thru_hole oval (at -5 0 180) (size 4 8) (drill 2) (layers *.Cu *.Mask)
      (net 9 "Net-(C8-Pad2)"))
    (pad 1 thru_hole oval (at 5 0 180) (size 4 8) (drill 2) (layers *.Cu *.Mask)
      (net 8 "Net-(C7-Pad2)"))
    (model ${KISYS3DMOD}/Capacitor_THT.3dshapes/CP_Radial_D22.0mm_P10.00mm_SnapIn.step
      (offset (xyz -5 0 0))
      (scale (xyz 1 1 2))
      (rotate (xyz 0 0 0))
    )
  )

  (module robomaster:fuse_holder (layer F.Cu) (tedit 5C4BDCA2) (tstamp 5C4BDA36)
    (at 214.63 97.79)
    (path /5C4BBC4E)
    (fp_text reference F1 (at 11.43 0) (layer F.SilkS)
      (effects (font (size 1 1) (thickness 0.15)))
    )
    (fp_text value "Fuse 5A" (at 8 -10.5) (layer F.Fab)
      (effects (font (size 1 1) (thickness 0.15)))
    )
    (fp_line (start 9 -3) (end -9 -3) (layer F.SilkS) (width 0.15))
    (fp_line (start -9 -3) (end -9 3) (layer F.SilkS) (width 0.15))
    (fp_line (start -9 3) (end 9 3) (layer F.SilkS) (width 0.15))
    (fp_line (start 9 3) (end 9 -3) (layer F.SilkS) (width 0.15))
    (pad "" thru_hole circle (at 0 0) (size 2.4 2.4) (drill 2.4) (layers *.Cu *.Mask))
    (pad 1 thru_hole circle (at -2.9 -1.25) (size 2.4 2.4) (drill 1.4) (layers *.Cu *.Mask)
      (net 11 "Net-(D1-Pad2)"))
    (pad 1 thru_hole circle (at -6.4 -1.25) (size 2.4 2.4) (drill 1.4) (layers *.Cu *.Mask)
      (net 11 "Net-(D1-Pad2)"))
    (pad 1 thru_hole circle (at -2.9 1.25) (size 2.4 2.4) (drill 1.4) (layers *.Cu *.Mask)
      (net 11 "Net-(D1-Pad2)"))
    (pad 1 thru_hole circle (at -6.4 1.25) (size 2.4 2.4) (drill 1.4) (layers *.Cu *.Mask)
      (net 11 "Net-(D1-Pad2)"))
    (pad 2 thru_hole circle (at 2.9 -1.25) (size 2.4 2.4) (drill 1.4) (layers *.Cu *.Mask)
      (net 15 "Net-(F1-Pad2)"))
    (pad 2 thru_hole circle (at 6.4 -1.25) (size 2.4 2.4) (drill 1.4) (layers *.Cu *.Mask)
      (net 15 "Net-(F1-Pad2)"))
    (pad 2 thru_hole circle (at 6.4 1.25) (size 2.4 2.4) (drill 1.4) (layers *.Cu *.Mask)
      (net 15 "Net-(F1-Pad2)"))
    (pad 2 thru_hole circle (at 2.9 1.25) (size 2.4 2.4) (drill 1.4) (layers *.Cu *.Mask)
      (net 15 "Net-(F1-Pad2)"))
  )

  (module robomaster:fuse_holder (layer F.Cu) (tedit 5C4BC129) (tstamp 5C4BDA47)
    (at 214.63 105.41 180)
    (path /5C4BD0D4)
    (fp_text reference F2 (at -11.43 0 180) (layer F.SilkS)
      (effects (font (size 1 1) (thickness 0.15)))
    )
    (fp_text value "Fuse 40A" (at 8 -10.5 180) (layer F.Fab)
      (effects (font (size 1 1) (thickness 0.15)))
    )
    (fp_line (start 9 3) (end 9 -3) (layer F.SilkS) (width 0.15))
    (fp_line (start -9 3) (end 9 3) (layer F.SilkS) (width 0.15))
    (fp_line (start -9 -3) (end -9 3) (layer F.SilkS) (width 0.15))
    (fp_line (start 9 -3) (end -9 -3) (layer F.SilkS) (width 0.15))
    (pad 2 thru_hole circle (at 2.9 1.25 180) (size 2.4 2.4) (drill 1.4) (layers *.Cu *.Mask)
      (net 2 "Net-(C1-Pad1)"))
    (pad 2 thru_hole circle (at 6.4 1.25 180) (size 2.4 2.4) (drill 1.4) (layers *.Cu *.Mask)
      (net 2 "Net-(C1-Pad1)"))
    (pad 2 thru_hole circle (at 6.4 -1.25 180) (size 2.4 2.4) (drill 1.4) (layers *.Cu *.Mask)
      (net 2 "Net-(C1-Pad1)"))
    (pad 2 thru_hole circle (at 2.9 -1.25 180) (size 2.4 2.4) (drill 1.4) (layers *.Cu *.Mask)
      (net 2 "Net-(C1-Pad1)"))
    (pad 1 thru_hole circle (at -6.4 1.25 180) (size 2.4 2.4) (drill 1.4) (layers *.Cu *.Mask)
      (net 13 "Net-(D2-Pad2)"))
    (pad 1 thru_hole circle (at -2.9 1.25 180) (size 2.4 2.4) (drill 1.4) (layers *.Cu *.Mask)
      (net 13 "Net-(D2-Pad2)"))
    (pad 1 thru_hole circle (at -6.4 -1.25 180) (size 2.4 2.4) (drill 1.4) (layers *.Cu *.Mask)
      (net 13 "Net-(D2-Pad2)"))
    (pad 1 thru_hole circle (at -2.9 -1.25 180) (size 2.4 2.4) (drill 1.4) (layers *.Cu *.Mask)
      (net 13 "Net-(D2-Pad2)"))
    (pad "" thru_hole circle (at 0 0 180) (size 2.4 2.4) (drill 2.4) (layers *.Cu *.Mask))
  )

  (module robomaster:H10710 (layer F.Cu) (tedit 5C4BC469) (tstamp 5C4BDA4F)
    (at 228.6 82.55 270)
    (path /5C4CADF5)
    (fp_text reference J1 (at 0 -3.5 270) (layer F.SilkS)
      (effects (font (size 1 1) (thickness 0.15)))
    )
    (fp_text value Conn_01x02_Female (at 0 -4.5 270) (layer F.Fab)
      (effects (font (size 1 1) (thickness 0.15)))
    )
    (pad 1 thru_hole circle (at -3.96 0 270) (size 3 3) (drill 1.5) (layers *.Cu *.Mask)
      (net 15 "Net-(F1-Pad2)"))
    (pad 2 thru_hole circle (at 3.96 0 270) (size 3 3) (drill 1.5) (layers *.Cu *.Mask)
      (net 10 GND))
    (pad "" thru_hole circle (at -7.5 -15.2 270) (size 1.6 1.6) (drill 1.6) (layers *.Cu *.Mask))
    (pad "" thru_hole circle (at 7.5 -15.2 270) (size 1.6 1.6) (drill 1.6) (layers *.Cu *.Mask))
  )

  (module robomaster:H10710 (layer F.Cu) (tedit 5C4BC469) (tstamp 5C4BDA57)
    (at 228.6 105.41 270)
    (path /5C4CACB6)
    (fp_text reference J2 (at 0 -3.5 270) (layer F.SilkS)
      (effects (font (size 1 1) (thickness 0.15)))
    )
    (fp_text value Conn_01x02_Female (at 0 -4.5 270) (layer F.Fab)
      (effects (font (size 1 1) (thickness 0.15)))
    )
    (pad "" thru_hole circle (at 7.5 -15.2 270) (size 1.6 1.6) (drill 1.6) (layers *.Cu *.Mask))
    (pad "" thru_hole circle (at -7.5 -15.2 270) (size 1.6 1.6) (drill 1.6) (layers *.Cu *.Mask))
    (pad 2 thru_hole circle (at 3.96 0 270) (size 3 3) (drill 1.5) (layers *.Cu *.Mask)
      (net 10 GND))
    (pad 1 thru_hole circle (at -3.96 0 270) (size 3 3) (drill 1.5) (layers *.Cu *.Mask)
      (net 13 "Net-(D2-Pad2)"))
  )

  (module Package_TO_SOT_SMD:SOT-223-3_TabPin2 (layer F.Cu) (tedit 5A02FF57) (tstamp 5C4BDA6D)
    (at 207.01 80.01 90)
    (descr "module CMS SOT223 4 pins")
    (tags "CMS SOT")
    (path /5C4BB816)
    (attr smd)
    (fp_text reference Q1 (at 0 -4.5 90) (layer F.SilkS)
      (effects (font (size 1 1) (thickness 0.15)))
    )
    (fp_text value Q_NPN_BCE (at 0 4.5 90) (layer F.Fab)
      (effects (font (size 1 1) (thickness 0.15)))
    )
    (fp_text user %R (at 0 0 180) (layer F.Fab)
      (effects (font (size 0.8 0.8) (thickness 0.12)))
    )
    (fp_line (start 1.91 3.41) (end 1.91 2.15) (layer F.SilkS) (width 0.12))
    (fp_line (start 1.91 -3.41) (end 1.91 -2.15) (layer F.SilkS) (width 0.12))
    (fp_line (start 4.4 -3.6) (end -4.4 -3.6) (layer F.CrtYd) (width 0.05))
    (fp_line (start 4.4 3.6) (end 4.4 -3.6) (layer F.CrtYd) (width 0.05))
    (fp_line (start -4.4 3.6) (end 4.4 3.6) (layer F.CrtYd) (width 0.05))
    (fp_line (start -4.4 -3.6) (end -4.4 3.6) (layer F.CrtYd) (width 0.05))
    (fp_line (start -1.85 -2.35) (end -0.85 -3.35) (layer F.Fab) (width 0.1))
    (fp_line (start -1.85 -2.35) (end -1.85 3.35) (layer F.Fab) (width 0.1))
    (fp_line (start -1.85 3.41) (end 1.91 3.41) (layer F.SilkS) (width 0.12))
    (fp_line (start -0.85 -3.35) (end 1.85 -3.35) (layer F.Fab) (width 0.1))
    (fp_line (start -4.1 -3.41) (end 1.91 -3.41) (layer F.SilkS) (width 0.12))
    (fp_line (start -1.85 3.35) (end 1.85 3.35) (layer F.Fab) (width 0.1))
    (fp_line (start 1.85 -3.35) (end 1.85 3.35) (layer F.Fab) (width 0.1))
    (pad 2 smd rect (at 3.15 0 90) (size 2 3.8) (layers F.Cu F.Paste F.Mask)
      (net 11 "Net-(D1-Pad2)"))
    (pad 2 smd rect (at -3.15 0 90) (size 2 1.5) (layers F.Cu F.Paste F.Mask)
      (net 11 "Net-(D1-Pad2)"))
    (pad 3 smd rect (at -3.15 2.3 90) (size 2 1.5) (layers F.Cu F.Paste F.Mask)
      (net 16 "Net-(Q1-Pad3)"))
    (pad 1 smd rect (at -3.15 -2.3 90) (size 2 1.5) (layers F.Cu F.Paste F.Mask)
      (net 17 "Net-(Q1-Pad1)"))
    (model ${KISYS3DMOD}/Package_TO_SOT_SMD.3dshapes/SOT-223.wrl
      (at (xyz 0 0 0))
      (scale (xyz 1 1 1))
      (rotate (xyz 0 0 0))
    )
  )

  (module Package_TO_SOT_SMD:SOT-223-3_TabPin2 (layer F.Cu) (tedit 5A02FF57) (tstamp 5C4BDA83)
    (at 196.85 80.01 90)
    (descr "module CMS SOT223 4 pins")
    (tags "CMS SOT")
    (path /5C4BB9CF)
    (attr smd)
    (fp_text reference Q2 (at 2.54 -4.5 90) (layer F.SilkS)
      (effects (font (size 1 1) (thickness 0.15)))
    )
    (fp_text value Q_NPN_BCE (at 0 4.5 90) (layer F.Fab)
      (effects (font (size 1 1) (thickness 0.15)))
    )
    (fp_line (start 1.85 -3.35) (end 1.85 3.35) (layer F.Fab) (width 0.1))
    (fp_line (start -1.85 3.35) (end 1.85 3.35) (layer F.Fab) (width 0.1))
    (fp_line (start -4.1 -3.41) (end 1.91 -3.41) (layer F.SilkS) (width 0.12))
    (fp_line (start -0.85 -3.35) (end 1.85 -3.35) (layer F.Fab) (width 0.1))
    (fp_line (start -1.85 3.41) (end 1.91 3.41) (layer F.SilkS) (width 0.12))
    (fp_line (start -1.85 -2.35) (end -1.85 3.35) (layer F.Fab) (width 0.1))
    (fp_line (start -1.85 -2.35) (end -0.85 -3.35) (layer F.Fab) (width 0.1))
    (fp_line (start -4.4 -3.6) (end -4.4 3.6) (layer F.CrtYd) (width 0.05))
    (fp_line (start -4.4 3.6) (end 4.4 3.6) (layer F.CrtYd) (width 0.05))
    (fp_line (start 4.4 3.6) (end 4.4 -3.6) (layer F.CrtYd) (width 0.05))
    (fp_line (start 4.4 -3.6) (end -4.4 -3.6) (layer F.CrtYd) (width 0.05))
    (fp_line (start 1.91 -3.41) (end 1.91 -2.15) (layer F.SilkS) (width 0.12))
    (fp_line (start 1.91 3.41) (end 1.91 2.15) (layer F.SilkS) (width 0.12))
    (fp_text user %R (at 0 0 180) (layer F.Fab)
      (effects (font (size 0.8 0.8) (thickness 0.12)))
    )
    (pad 1 smd rect (at -3.15 -2.3 90) (size 2 1.5) (layers F.Cu F.Paste F.Mask)
      (net 16 "Net-(Q1-Pad3)"))
    (pad 3 smd rect (at -3.15 2.3 90) (size 2 1.5) (layers F.Cu F.Paste F.Mask)
      (net 2 "Net-(C1-Pad1)"))
    (pad 2 smd rect (at -3.15 0 90) (size 2 1.5) (layers F.Cu F.Paste F.Mask)
      (net 17 "Net-(Q1-Pad1)"))
    (pad 2 smd rect (at 3.15 0 90) (size 2 3.8) (layers F.Cu F.Paste F.Mask)
      (net 17 "Net-(Q1-Pad1)"))
    (model ${KISYS3DMOD}/Package_TO_SOT_SMD.3dshapes/SOT-223.wrl
      (at (xyz 0 0 0))
      (scale (xyz 1 1 1))
      (rotate (xyz 0 0 0))
    )
  )

  (module LED_THT:LED_D3.0mm (layer F.Cu) (tedit 587A3A7B) (tstamp 5C4BE4B1)
    (at 214.63 77.47 180)
    (descr "LED, diameter 3.0mm, 2 pins")
    (tags "LED diameter 3.0mm 2 pins")
    (path /5C4BCDAF)
    (fp_text reference D1 (at 2.54 2.54 180) (layer F.SilkS)
      (effects (font (size 1 1) (thickness 0.15)))
    )
    (fp_text value LED (at 1.27 2.96 180) (layer F.Fab)
      (effects (font (size 1 1) (thickness 0.15)))
    )
    (fp_arc (start 1.27 0) (end -0.23 -1.16619) (angle 284.3) (layer F.Fab) (width 0.1))
    (fp_arc (start 1.27 0) (end -0.29 -1.235516) (angle 108.8) (layer F.SilkS) (width 0.12))
    (fp_arc (start 1.27 0) (end -0.29 1.235516) (angle -108.8) (layer F.SilkS) (width 0.12))
    (fp_arc (start 1.27 0) (end 0.229039 -1.08) (angle 87.9) (layer F.SilkS) (width 0.12))
    (fp_arc (start 1.27 0) (end 0.229039 1.08) (angle -87.9) (layer F.SilkS) (width 0.12))
    (fp_circle (center 1.27 0) (end 2.77 0) (layer F.Fab) (width 0.1))
    (fp_line (start -0.23 -1.16619) (end -0.23 1.16619) (layer F.Fab) (width 0.1))
    (fp_line (start -0.29 -1.236) (end -0.29 -1.08) (layer F.SilkS) (width 0.12))
    (fp_line (start -0.29 1.08) (end -0.29 1.236) (layer F.SilkS) (width 0.12))
    (fp_line (start -1.15 -2.25) (end -1.15 2.25) (layer F.CrtYd) (width 0.05))
    (fp_line (start -1.15 2.25) (end 3.7 2.25) (layer F.CrtYd) (width 0.05))
    (fp_line (start 3.7 2.25) (end 3.7 -2.25) (layer F.CrtYd) (width 0.05))
    (fp_line (start 3.7 -2.25) (end -1.15 -2.25) (layer F.CrtYd) (width 0.05))
    (pad 1 thru_hole rect (at 0 0 180) (size 1.8 1.8) (drill 0.9) (layers *.Cu *.Mask)
      (net 12 "Net-(D1-Pad1)"))
    (pad 2 thru_hole circle (at 2.54 0 180) (size 1.8 1.8) (drill 0.9) (layers *.Cu *.Mask)
      (net 11 "Net-(D1-Pad2)"))
    (model ${KISYS3DMOD}/LED_THT.3dshapes/LED_D3.0mm.wrl
      (at (xyz 0 0 0))
      (scale (xyz 1 1 1))
      (rotate (xyz 0 0 0))
    )
  )

  (module LED_THT:LED_D3.0mm (layer F.Cu) (tedit 587A3A7B) (tstamp 5C4BE4C4)
    (at 214.63 82.55 180)
    (descr "LED, diameter 3.0mm, 2 pins")
    (tags "LED diameter 3.0mm 2 pins")
    (path /5C4BD094)
    (fp_text reference D2 (at 2.54 2.54 180) (layer F.SilkS)
      (effects (font (size 1 1) (thickness 0.15)))
    )
    (fp_text value LED (at 1.27 2.96 180) (layer F.Fab)
      (effects (font (size 1 1) (thickness 0.15)))
    )
    (fp_line (start 3.7 -2.25) (end -1.15 -2.25) (layer F.CrtYd) (width 0.05))
    (fp_line (start 3.7 2.25) (end 3.7 -2.25) (layer F.CrtYd) (width 0.05))
    (fp_line (start -1.15 2.25) (end 3.7 2.25) (layer F.CrtYd) (width 0.05))
    (fp_line (start -1.15 -2.25) (end -1.15 2.25) (layer F.CrtYd) (width 0.05))
    (fp_line (start -0.29 1.08) (end -0.29 1.236) (layer F.SilkS) (width 0.12))
    (fp_line (start -0.29 -1.236) (end -0.29 -1.08) (layer F.SilkS) (width 0.12))
    (fp_line (start -0.23 -1.16619) (end -0.23 1.16619) (layer F.Fab) (width 0.1))
    (fp_circle (center 1.27 0) (end 2.77 0) (layer F.Fab) (width 0.1))
    (fp_arc (start 1.27 0) (end 0.229039 1.08) (angle -87.9) (layer F.SilkS) (width 0.12))
    (fp_arc (start 1.27 0) (end 0.229039 -1.08) (angle 87.9) (layer F.SilkS) (width 0.12))
    (fp_arc (start 1.27 0) (end -0.29 1.235516) (angle -108.8) (layer F.SilkS) (width 0.12))
    (fp_arc (start 1.27 0) (end -0.29 -1.235516) (angle 108.8) (layer F.SilkS) (width 0.12))
    (fp_arc (start 1.27 0) (end -0.23 -1.16619) (angle 284.3) (layer F.Fab) (width 0.1))
    (pad 2 thru_hole circle (at 2.54 0 180) (size 1.8 1.8) (drill 0.9) (layers *.Cu *.Mask)
      (net 13 "Net-(D2-Pad2)"))
    (pad 1 thru_hole rect (at 0 0 180) (size 1.8 1.8) (drill 0.9) (layers *.Cu *.Mask)
      (net 14 "Net-(D2-Pad1)"))
    (model ${KISYS3DMOD}/LED_THT.3dshapes/LED_D3.0mm.wrl
      (at (xyz 0 0 0))
      (scale (xyz 1 1 1))
      (rotate (xyz 0 0 0))
    )
  )

  (module Resistor_SMD:R_0603_1608Metric (layer F.Cu) (tedit 5B301BBD) (tstamp 5C4BE4E6)
    (at 217.9575 77.47)
    (descr "Resistor SMD 0603 (1608 Metric), square (rectangular) end terminal, IPC_7351 nominal, (Body size source: http://www.tortai-tech.com/upload/download/2011102023233369053.pdf), generated with kicad-footprint-generator")
    (tags resistor)
    (path /5C4BCF13)
    (attr smd)
    (fp_text reference R2 (at 0 -1.43) (layer F.SilkS)
      (effects (font (size 1 1) (thickness 0.15)))
    )
    (fp_text value 10K (at 0 1.43) (layer F.Fab)
      (effects (font (size 1 1) (thickness 0.15)))
    )
    (fp_line (start -0.8 0.4) (end -0.8 -0.4) (layer F.Fab) (width 0.1))
    (fp_line (start -0.8 -0.4) (end 0.8 -0.4) (layer F.Fab) (width 0.1))
    (fp_line (start 0.8 -0.4) (end 0.8 0.4) (layer F.Fab) (width 0.1))
    (fp_line (start 0.8 0.4) (end -0.8 0.4) (layer F.Fab) (width 0.1))
    (fp_line (start -0.162779 -0.51) (end 0.162779 -0.51) (layer F.SilkS) (width 0.12))
    (fp_line (start -0.162779 0.51) (end 0.162779 0.51) (layer F.SilkS) (width 0.12))
    (fp_line (start -1.48 0.73) (end -1.48 -0.73) (layer F.CrtYd) (width 0.05))
    (fp_line (start -1.48 -0.73) (end 1.48 -0.73) (layer F.CrtYd) (width 0.05))
    (fp_line (start 1.48 -0.73) (end 1.48 0.73) (layer F.CrtYd) (width 0.05))
    (fp_line (start 1.48 0.73) (end -1.48 0.73) (layer F.CrtYd) (width 0.05))
    (fp_text user %R (at 0 0) (layer F.Fab)
      (effects (font (size 0.4 0.4) (thickness 0.06)))
    )
    (pad 1 smd roundrect (at -0.7875 0) (size 0.875 0.95) (layers F.Cu F.Paste F.Mask) (roundrect_rratio 0.25)
      (net 12 "Net-(D1-Pad1)"))
    (pad 2 smd roundrect (at 0.7875 0) (size 0.875 0.95) (layers F.Cu F.Paste F.Mask) (roundrect_rratio 0.25)
      (net 10 GND))
    (model ${KISYS3DMOD}/Resistor_SMD.3dshapes/R_0603_1608Metric.wrl
      (at (xyz 0 0 0))
      (scale (xyz 1 1 1))
      (rotate (xyz 0 0 0))
    )
  )

  (module Resistor_SMD:R_1206_3216Metric (layer B.Cu) (tedit 5B301BBD) (tstamp 5C4BE4F7)
    (at 193.04 104.14 180)
    (descr "Resistor SMD 1206 (3216 Metric), square (rectangular) end terminal, IPC_7351 nominal, (Body size source: http://www.tortai-tech.com/upload/download/2011102023233369053.pdf), generated with kicad-footprint-generator")
    (tags resistor)
    (path /5C4BBEE2)
    (attr smd)
    (fp_text reference R4 (at 0 1.82 180) (layer B.SilkS)
      (effects (font (size 1 1) (thickness 0.15)) (justify mirror))
    )
    (fp_text value 100K (at 0 -1.82 180) (layer B.Fab)
      (effects (font (size 1 1) (thickness 0.15)) (justify mirror))
    )
    (fp_line (start -1.6 -0.8) (end -1.6 0.8) (layer B.Fab) (width 0.1))
    (fp_line (start -1.6 0.8) (end 1.6 0.8) (layer B.Fab) (width 0.1))
    (fp_line (start 1.6 0.8) (end 1.6 -0.8) (layer B.Fab) (width 0.1))
    (fp_line (start 1.6 -0.8) (end -1.6 -0.8) (layer B.Fab) (width 0.1))
    (fp_line (start -0.602064 0.91) (end 0.602064 0.91) (layer B.SilkS) (width 0.12))
    (fp_line (start -0.602064 -0.91) (end 0.602064 -0.91) (layer B.SilkS) (width 0.12))
    (fp_line (start -2.28 -1.12) (end -2.28 1.12) (layer B.CrtYd) (width 0.05))
    (fp_line (start -2.28 1.12) (end 2.28 1.12) (layer B.CrtYd) (width 0.05))
    (fp_line (start 2.28 1.12) (end 2.28 -1.12) (layer B.CrtYd) (width 0.05))
    (fp_line (start 2.28 -1.12) (end -2.28 -1.12) (layer B.CrtYd) (width 0.05))
    (fp_text user %R (at 0 0 180) (layer B.Fab)
      (effects (font (size 0.8 0.8) (thickness 0.12)) (justify mirror))
    )
    (pad 1 smd roundrect (at -1.4 0 180) (size 1.25 1.75) (layers B.Cu B.Paste B.Mask) (roundrect_rratio 0.2)
      (net 2 "Net-(C1-Pad1)"))
    (pad 2 smd roundrect (at 1.4 0 180) (size 1.25 1.75) (layers B.Cu B.Paste B.Mask) (roundrect_rratio 0.2)
      (net 1 "Net-(C1-Pad2)"))
    (model ${KISYS3DMOD}/Resistor_SMD.3dshapes/R_1206_3216Metric.wrl
      (at (xyz 0 0 0))
      (scale (xyz 1 1 1))
      (rotate (xyz 0 0 0))
    )
  )

  (module Resistor_SMD:R_1206_3216Metric (layer B.Cu) (tedit 5B301BBD) (tstamp 5C4BE508)
    (at 170.18 104.14 180)
    (descr "Resistor SMD 1206 (3216 Metric), square (rectangular) end terminal, IPC_7351 nominal, (Body size source: http://www.tortai-tech.com/upload/download/2011102023233369053.pdf), generated with kicad-footprint-generator")
    (tags resistor)
    (path /5C4BC06B)
    (attr smd)
    (fp_text reference R5 (at 0 1.82 180) (layer B.SilkS)
      (effects (font (size 1 1) (thickness 0.15)) (justify mirror))
    )
    (fp_text value 100K (at 0 -1.82 180) (layer B.Fab)
      (effects (font (size 1 1) (thickness 0.15)) (justify mirror))
    )
    (fp_text user %R (at 0 0 180) (layer B.Fab)
      (effects (font (size 0.8 0.8) (thickness 0.12)) (justify mirror))
    )
    (fp_line (start 2.28 -1.12) (end -2.28 -1.12) (layer B.CrtYd) (width 0.05))
    (fp_line (start 2.28 1.12) (end 2.28 -1.12) (layer B.CrtYd) (width 0.05))
    (fp_line (start -2.28 1.12) (end 2.28 1.12) (layer B.CrtYd) (width 0.05))
    (fp_line (start -2.28 -1.12) (end -2.28 1.12) (layer B.CrtYd) (width 0.05))
    (fp_line (start -0.602064 -0.91) (end 0.602064 -0.91) (layer B.SilkS) (width 0.12))
    (fp_line (start -0.602064 0.91) (end 0.602064 0.91) (layer B.SilkS) (width 0.12))
    (fp_line (start 1.6 -0.8) (end -1.6 -0.8) (layer B.Fab) (width 0.1))
    (fp_line (start 1.6 0.8) (end 1.6 -0.8) (layer B.Fab) (width 0.1))
    (fp_line (start -1.6 0.8) (end 1.6 0.8) (layer B.Fab) (width 0.1))
    (fp_line (start -1.6 -0.8) (end -1.6 0.8) (layer B.Fab) (width 0.1))
    (pad 2 smd roundrect (at 1.4 0 180) (size 1.25 1.75) (layers B.Cu B.Paste B.Mask) (roundrect_rratio 0.2)
      (net 3 "Net-(C2-Pad2)"))
    (pad 1 smd roundrect (at -1.4 0 180) (size 1.25 1.75) (layers B.Cu B.Paste B.Mask) (roundrect_rratio 0.2)
      (net 1 "Net-(C1-Pad2)"))
    (model ${KISYS3DMOD}/Resistor_SMD.3dshapes/R_1206_3216Metric.wrl
      (at (xyz 0 0 0))
      (scale (xyz 1 1 1))
      (rotate (xyz 0 0 0))
    )
  )

  (module Resistor_SMD:R_1206_3216Metric (layer B.Cu) (tedit 5B301BBD) (tstamp 5C4BE519)
    (at 147.32 104.14 180)
    (descr "Resistor SMD 1206 (3216 Metric), square (rectangular) end terminal, IPC_7351 nominal, (Body size source: http://www.tortai-tech.com/upload/download/2011102023233369053.pdf), generated with kicad-footprint-generator")
    (tags resistor)
    (path /5C4BC18F)
    (attr smd)
    (fp_text reference R6 (at 0 1.82 180) (layer B.SilkS)
      (effects (font (size 1 1) (thickness 0.15)) (justify mirror))
    )
    (fp_text value 100K (at 0 -1.82 180) (layer B.Fab)
      (effects (font (size 1 1) (thickness 0.15)) (justify mirror))
    )
    (fp_line (start -1.6 -0.8) (end -1.6 0.8) (layer B.Fab) (width 0.1))
    (fp_line (start -1.6 0.8) (end 1.6 0.8) (layer B.Fab) (width 0.1))
    (fp_line (start 1.6 0.8) (end 1.6 -0.8) (layer B.Fab) (width 0.1))
    (fp_line (start 1.6 -0.8) (end -1.6 -0.8) (layer B.Fab) (width 0.1))
    (fp_line (start -0.602064 0.91) (end 0.602064 0.91) (layer B.SilkS) (width 0.12))
    (fp_line (start -0.602064 -0.91) (end 0.602064 -0.91) (layer B.SilkS) (width 0.12))
    (fp_line (start -2.28 -1.12) (end -2.28 1.12) (layer B.CrtYd) (width 0.05))
    (fp_line (start -2.28 1.12) (end 2.28 1.12) (layer B.CrtYd) (width 0.05))
    (fp_line (start 2.28 1.12) (end 2.28 -1.12) (layer B.CrtYd) (width 0.05))
    (fp_line (start 2.28 -1.12) (end -2.28 -1.12) (layer B.CrtYd) (width 0.05))
    (fp_text user %R (at 0 0 180) (layer B.Fab)
      (effects (font (size 0.8 0.8) (thickness 0.12)) (justify mirror))
    )
    (pad 1 smd roundrect (at -1.4 0 180) (size 1.25 1.75) (layers B.Cu B.Paste B.Mask) (roundrect_rratio 0.2)
      (net 3 "Net-(C2-Pad2)"))
    (pad 2 smd roundrect (at 1.4 0 180) (size 1.25 1.75) (layers B.Cu B.Paste B.Mask) (roundrect_rratio 0.2)
      (net 4 "Net-(C3-Pad2)"))
    (model ${KISYS3DMOD}/Resistor_SMD.3dshapes/R_1206_3216Metric.wrl
      (at (xyz 0 0 0))
      (scale (xyz 1 1 1))
      (rotate (xyz 0 0 0))
    )
  )

  (module Resistor_SMD:R_1206_3216Metric (layer B.Cu) (tedit 5B301BBD) (tstamp 5C4BE52A)
    (at 124.46 104.14 180)
    (descr "Resistor SMD 1206 (3216 Metric), square (rectangular) end terminal, IPC_7351 nominal, (Body size source: http://www.tortai-tech.com/upload/download/2011102023233369053.pdf), generated with kicad-footprint-generator")
    (tags resistor)
    (path /5C4BC19D)
    (attr smd)
    (fp_text reference R7 (at 0 1.82 180) (layer B.SilkS)
      (effects (font (size 1 1) (thickness 0.15)) (justify mirror))
    )
    (fp_text value 100K (at 0 -1.82 180) (layer B.Fab)
      (effects (font (size 1 1) (thickness 0.15)) (justify mirror))
    )
    (fp_line (start -1.6 -0.8) (end -1.6 0.8) (layer B.Fab) (width 0.1))
    (fp_line (start -1.6 0.8) (end 1.6 0.8) (layer B.Fab) (width 0.1))
    (fp_line (start 1.6 0.8) (end 1.6 -0.8) (layer B.Fab) (width 0.1))
    (fp_line (start 1.6 -0.8) (end -1.6 -0.8) (layer B.Fab) (width 0.1))
    (fp_line (start -0.602064 0.91) (end 0.602064 0.91) (layer B.SilkS) (width 0.12))
    (fp_line (start -0.602064 -0.91) (end 0.602064 -0.91) (layer B.SilkS) (width 0.12))
    (fp_line (start -2.28 -1.12) (end -2.28 1.12) (layer B.CrtYd) (width 0.05))
    (fp_line (start -2.28 1.12) (end 2.28 1.12) (layer B.CrtYd) (width 0.05))
    (fp_line (start 2.28 1.12) (end 2.28 -1.12) (layer B.CrtYd) (width 0.05))
    (fp_line (start 2.28 -1.12) (end -2.28 -1.12) (layer B.CrtYd) (width 0.05))
    (fp_text user %R (at 0 0 180) (layer B.Fab)
      (effects (font (size 0.8 0.8) (thickness 0.12)) (justify mirror))
    )
    (pad 1 smd roundrect (at -1.4 0 180) (size 1.25 1.75) (layers B.Cu B.Paste B.Mask) (roundrect_rratio 0.2)
      (net 4 "Net-(C3-Pad2)"))
    (pad 2 smd roundrect (at 1.4 0 180) (size 1.25 1.75) (layers B.Cu B.Paste B.Mask) (roundrect_rratio 0.2)
      (net 5 "Net-(C4-Pad2)"))
    (model ${KISYS3DMOD}/Resistor_SMD.3dshapes/R_1206_3216Metric.wrl
      (at (xyz 0 0 0))
      (scale (xyz 1 1 1))
      (rotate (xyz 0 0 0))
    )
  )

  (module Resistor_SMD:R_1206_3216Metric (layer B.Cu) (tedit 5B301BBD) (tstamp 5C4BE53B)
    (at 101.6 104.14 180)
    (descr "Resistor SMD 1206 (3216 Metric), square (rectangular) end terminal, IPC_7351 nominal, (Body size source: http://www.tortai-tech.com/upload/download/2011102023233369053.pdf), generated with kicad-footprint-generator")
    (tags resistor)
    (path /5C4BC375)
    (attr smd)
    (fp_text reference R8 (at 0 1.82 180) (layer B.SilkS)
      (effects (font (size 1 1) (thickness 0.15)) (justify mirror))
    )
    (fp_text value 100K (at 0 -1.82 180) (layer B.Fab)
      (effects (font (size 1 1) (thickness 0.15)) (justify mirror))
    )
    (fp_text user %R (at 0 0 180) (layer B.Fab)
      (effects (font (size 0.8 0.8) (thickness 0.12)) (justify mirror))
    )
    (fp_line (start 2.28 -1.12) (end -2.28 -1.12) (layer B.CrtYd) (width 0.05))
    (fp_line (start 2.28 1.12) (end 2.28 -1.12) (layer B.CrtYd) (width 0.05))
    (fp_line (start -2.28 1.12) (end 2.28 1.12) (layer B.CrtYd) (width 0.05))
    (fp_line (start -2.28 -1.12) (end -2.28 1.12) (layer B.CrtYd) (width 0.05))
    (fp_line (start -0.602064 -0.91) (end 0.602064 -0.91) (layer B.SilkS) (width 0.12))
    (fp_line (start -0.602064 0.91) (end 0.602064 0.91) (layer B.SilkS) (width 0.12))
    (fp_line (start 1.6 -0.8) (end -1.6 -0.8) (layer B.Fab) (width 0.1))
    (fp_line (start 1.6 0.8) (end 1.6 -0.8) (layer B.Fab) (width 0.1))
    (fp_line (start -1.6 0.8) (end 1.6 0.8) (layer B.Fab) (width 0.1))
    (fp_line (start -1.6 -0.8) (end -1.6 0.8) (layer B.Fab) (width 0.1))
    (pad 2 smd roundrect (at 1.4 0 180) (size 1.25 1.75) (layers B.Cu B.Paste B.Mask) (roundrect_rratio 0.2)
      (net 6 "Net-(C5-Pad2)"))
    (pad 1 smd roundrect (at -1.4 0 180) (size 1.25 1.75) (layers B.Cu B.Paste B.Mask) (roundrect_rratio 0.2)
      (net 5 "Net-(C4-Pad2)"))
    (model ${KISYS3DMOD}/Resistor_SMD.3dshapes/R_1206_3216Metric.wrl
      (at (xyz 0 0 0))
      (scale (xyz 1 1 1))
      (rotate (xyz 0 0 0))
    )
  )

  (module Resistor_SMD:R_1206_3216Metric (layer B.Cu) (tedit 5B301BBD) (tstamp 5C4BE54C)
    (at 113.03 83.82)
    (descr "Resistor SMD 1206 (3216 Metric), square (rectangular) end terminal, IPC_7351 nominal, (Body size source: http://www.tortai-tech.com/upload/download/2011102023233369053.pdf), generated with kicad-footprint-generator")
    (tags resistor)
    (path /5C4BC383)
    (attr smd)
    (fp_text reference R9 (at 0 1.82) (layer B.SilkS)
      (effects (font (size 1 1) (thickness 0.15)) (justify mirror))
    )
    (fp_text value 100K (at 0 -1.82) (layer B.Fab)
      (effects (font (size 1 1) (thickness 0.15)) (justify mirror))
    )
    (fp_line (start -1.6 -0.8) (end -1.6 0.8) (layer B.Fab) (width 0.1))
    (fp_line (start -1.6 0.8) (end 1.6 0.8) (layer B.Fab) (width 0.1))
    (fp_line (start 1.6 0.8) (end 1.6 -0.8) (layer B.Fab) (width 0.1))
    (fp_line (start 1.6 -0.8) (end -1.6 -0.8) (layer B.Fab) (width 0.1))
    (fp_line (start -0.602064 0.91) (end 0.602064 0.91) (layer B.SilkS) (width 0.12))
    (fp_line (start -0.602064 -0.91) (end 0.602064 -0.91) (layer B.SilkS) (width 0.12))
    (fp_line (start -2.28 -1.12) (end -2.28 1.12) (layer B.CrtYd) (width 0.05))
    (fp_line (start -2.28 1.12) (end 2.28 1.12) (layer B.CrtYd) (width 0.05))
    (fp_line (start 2.28 1.12) (end 2.28 -1.12) (layer B.CrtYd) (width 0.05))
    (fp_line (start 2.28 -1.12) (end -2.28 -1.12) (layer B.CrtYd) (width 0.05))
    (fp_text user %R (at 0 0) (layer B.Fab)
